0
20232.5778
122882.9333
25398.7289
325161.9022
13041.9644
16813.0489
187022.5333
365524.2311
0
5091.1111
33923.5822
1213.12
7642.24
2557.2444
18046.4444
26558.4978
17600.1156
7761.5644
499.6178
18755.7244
5076.4533
161.76
14142.2844
0
6252.6133
132563.3511
1511.7067
12279.9289
15073.8311
1529.6
2004.0978
0
9734.6133
178123.7422
14447.5378
2080.6756
1119.7867
12772.6667
75089.6089
180819.1556
2634.7644
1336.7556
6898.7733
6404.1422
15.7511
41479.1289
12764.0978
0
87001.0756
4574.2133
27.9911
2652.7467
292.3289
586.9956
0
225592.5244
20566.5689
5278.9689
71532.8178
66.48
1987.0933
13739.8133
240757.0667
2154.7644
4364.6667
18126.8444
2228.2844
202.1244
5240.9067
74057.9644
31395.6889
0
3164.6667
75.2
97336.3822
2283.1822
11072.9778
0
7789.44
31231.76
0
2837.0222
868.8444
4795.1111
111210.0711
4917.6
16006.3378
2088.0889
26767.2711
8747.4311
3.5911
121.2444
199733.0222
866.9333
10125.7511
0
37.5111
664.3556
14852.3733
2417.6622
0
5169.9289
464225.7422
11074.5778
130.3911
3311.0311
1200.9511
118855.4667
842.9867
746.56
9077.0756
1495.5289
7328.0444
14.6844
87.8222
2303.7156
235.9467
192.8978
0.8889
0
644.2844
0.7111
7.44
0
173.6889
14057.2622
38.64
0
0
20.4
1715.6711
35.3244
109.2267
0.8889
150.24
60.5067
38.1867
7209.1644
21769.6622
11360.6489
31481.2622
2608.2578
53.0933
0
1872.2133
1689.9822
0
3735.52
13326.56
1371.3956
4747.4044
677.0578
2135.8044
16772.4444
920.3467
2826.5422
9507.44
36053.8933
3864.7022
640.6133
283.1822
162167.2711
2651.7689
10015.1733
7792.3556
45.9911
208.8
0
365.8756
0
1023.2178
444708.08
1785.3778
8.4622
1115.28
1277.6178
112184.64
124.08
2.1333
1888.2311
4434.9067
4426.8622
150.3733
10779.1556
215955.1644
915.7867
13261.4844
7901.3244
155.7422
2770.5867
4908.72
0
0
4138.4889
592867.5022
2660
3.9289
29477.44
1208.1067
143686.1422
1177.6
448.5156
8691.6
1429.5022
3372.9778
581.4133
3554.6133
65642.7467
16760.7911
0.4622
3063.9378
145.8578
25290.3733
2048.1778
3274.7556
0
7984.2133
22995.0044
0
4768.4444
1468.6311
4395.4578
40527.5378
4574.4356
2468.5156
10453.8489
33430.7111
12407.7778
0.3911
1360.4622
178461.6267
2146.9867
12557.8311
1617.28
7.5822
914.0444
596.2222
1845.0222
0
0
449609.5822
4381.0222
66.1333
1831.5644
1433.2444
113876.6756
918.7022
90.0889
3561.76
7223.04
3906.2222
475.9022
14946.8978
122478.16
19470.0356
124992.72
22715.8667
192.2044
23830.72
6552.9333
17807.4578
0
7233.9111
0
28093.7511
2683.3689
6096.4533
9604.3644
123151.5289
3224.9156
16916.56
25671.0933
24855.8756
22824.2667
3662.8089
11639.4133
168993.4044
38253.3867
0
22465.4133
148.1778
36784.3911
7276.5778
23601.4311
0
33434.9067
85618.0711
0
3202.8178
6911.3778
23115.9911
102251.4756
14548.5956
39710
20977.2978
46745.9911
32115.6533
556.0889
309.9111
7898.4356
202.8089
3536.8444
13.76
0
355.4133
12.4444
98.0178
0
509.8844
35275.9822
79.3156
0
1.4222
8.6489
9140.72
3.1556
30.3378
33.9022
313.1467
811.5467
14.0889
293.1289
1326.9244
874.96
2336.9511
1802.4711
0
284.9511
465.3689
3781.9644
0
496.4711
2292.56
414.4978
0.4622
0
0
889.2267
47.1022
14.1511
0
195.5733
0
10.0533
21302.4267
6312.4711
1520.8
7739.6889
8702.1244
36.2222
1607.5822
9810.08
10448.5333
0
1267.44
5163.9111
1078.9422
507.4489
0
0
16342.7378
1136.2489
4189.5822
0
1317.2267
0
196.0444
13179.5733
154240.4711
21820.1689
114643.4311
317645.4489
222.0089
12720.0622
225272.8889
340561.1911
0
178170.1689
26183.52
21310.6311
57392.6756
309.2089
9191.7511
0
1376.8178
17015.2711
2678.0356
28868.8444
14288.8
933.1644
1488.9511
51508.7822
735.7244
3247.1644
300.0533
0
161.5289
194.7733
211.3956
0
793.2889
175293.2444
601.7956
3.12
27.3511
1026.3911
42223.2178
0
751.1911
32.3467
1212.6667
428.0089
14.1067
706.3022
7991.1467
3839.12
29559.8222
47.6533
831.1289
7952.1156
2.6933
761.8578
0
1221.8667
23794.2133
1563.1733
66.4622
811.6978
10017.9644
15977.6267
121.5556
0
2669.7244
2564.4267
254.56
117.9733
289.8133
11317.9556
1214.5778
20645.5022
8593.3067
6.56
2549.3422
7399.5022
3703.7422
0
1771.4933
15085.8311
4094.1422
14.1511
0
8.9956
12933.3422
615.8933
777.3956
0
1989.3511
0
63.6267
3147.3956
17748.7378
4616.2311
41678.9956
786.3911
32.8978
4997.28
76.0622
895.5111
0
1038.5422
29858.1156
4247.2178
176.4622
119.9378
976.8089
9250.9689
2811.7422
858.0267
1278.0622
0
1940.5156
201.3422
858.6578
2881.4133
1854.3822
30720.6311
5984.2311
28.9511
1408.3911
2081.3333
7746.8711
0
2355.0578
11452.64
7176.2133
115.4222
0
0.4267
7424.1511
409.8933
196.6311
0
1213.6444
0
76.7556
185.4489
66.2044
1071.1911
82.0178
0.3556
4.8089
1312.4356
271.68
1019.6711
0
1366.7289
1232.5156
484.9511
13.0844
393.1378
208.6933
2654.8622
446.6756
123.5911
2160.0533
1621.0133
550.9333
0
