time:
1527578855.24
19 7 14.9102663125
1 3 6.08800901528
2 18 1.70609494711
15 20 5.32105826024
3 21 9.05279736393
8 9 12.0083417109
13 17 11.1838072375
2 12 7.18432544482
5 8 6.61241096447
11 10 7.55348338452
6 7 6.47551954829
16 10 2.18025009263
1 16 3.32558803731
16 4 14.2607707535
2 23 5.12403202879
2 13 9.23706833388
16 9 11.9379966991
17 23 12.5483355218
17 7 10.6995564149
12 10 5.96922541655
15 9 11.1570985411
20 22 8.20354539375
19 6 1.86729623298
17 10 9.9567853394
17 20 2.89592287142
13 19 4.4366857846
18 21 3.0658194524
12 22 7.2947100299
2 7 6.57876816964
16 5 2.70305684261
13 14 3.11522050491
11 3 6.48987307223
2 4 13.6921783413
1 7 2.43309295742
14 3 10.2525608897
21 7 0.357804802392
3 10 8.3469632188

time:
1527578860.25
19 7 11.1195570983
1 3 4.14360655562
2 18 2.08897214386
15 20 5.21425092836
3 21 9.40644255387
8 9 8.24052642255
13 17 12.3299990605
2 12 7.1612909638
5 8 6.14530301818
11 10 8.28147400777
6 7 5.18780147216
16 10 2.39945834869
1 16 3.17841854204
16 4 11.8351709268
2 23 5.82187283963
2 13 9.72097261479
16 9 12.501323746
17 23 12.2014262587
17 7 11.8263198803
12 10 5.50702101047
15 9 11.7274185352
20 22 8.61455308177
19 6 2.76934816487
17 10 10.0278174507
17 20 5.23202275308
13 19 4.81509026527
18 21 3.41063753458
12 22 7.19322564881
2 7 6.92508110813
16 5 2.74422914743
13 14 3.81770352145
11 3 5.90650431529
2 4 13.8947101373
1 7 3.57066246123
14 3 9.65730599056
21 7 0.721730769481
3 10 7.62999431552

time:
1527578865.27
19 7 12.7897059675
1 3 4.33000528257
2 18 3.02845936389
15 20 5.13281515358
3 21 9.51784624597
8 9 8.69982436568
13 17 12.5212270312
2 12 7.63770532215
5 8 6.12729195248
11 10 7.66971916956
6 7 6.62823399264
16 10 2.30747260836
1 16 3.53186816231
16 4 12.653861335
2 23 6.46454622505
2 13 8.51473392441
16 9 12.1905465846
17 23 16.9161128696
17 7 10.85563177
12 10 6.17903615059
15 9 10.5958536425
20 22 8.05813248668
19 6 2.03188116083
17 10 9.68864553235
17 20 1.91011852165
13 19 4.58513619606
18 21 2.92244785972
12 22 7.32783132577
2 7 6.83682971946
16 5 2.83925869544
13 14 4.10365644302
11 3 7.05624173987
2 4 12.0518287225
1 7 2.46528581987
14 3 10.1397251126
21 7 0.746176743094
3 10 9.25450183134

time:
1527578870.23
19 7 11.2798938076
1 3 4.4310208855
2 18 2.38858589135
15 20 4.6475328139
3 21 9.73326267014
8 9 8.21543060642
13 17 11.4479789849
2 12 6.96823710086
5 8 5.87677643167
11 10 7.88207942685
6 7 6.26963579358
16 10 2.17483167714
1 16 3.26249328357
16 4 13.9336937548
2 23 5.21828564496
2 13 8.78200844797
16 9 10.7531743427
17 23 11.8720859844
17 7 11.5542617404
12 10 4.76148997533
15 9 10.3986334205
20 22 8.6117361079
19 6 2.37770841907
17 10 9.73217192691
17 20 4.77436742158
13 19 4.46781524867
18 21 3.15281928113
12 22 7.86905912674
2 7 6.95440861298
16 5 2.8851417046
13 14 3.04430780283
11 3 7.17196307733
2 4 14.5952195613
1 7 2.64913573504
14 3 10.105937832
21 7 0.410258717581
3 10 8.11882282312

time:
1527578875.19
19 7 12.8093271682
1 3 4.02373906057
2 18 1.75176378147
15 20 4.20016800638
3 21 10.0568457847
8 9 8.19249377055
13 17 13.9302134095
2 12 7.05876402785
5 8 8.99975268137
11 10 8.70196949272
6 7 5.53321749561
16 10 2.4540864558
1 16 3.67612203788
16 4 14.3359346531
2 23 5.45865666993
2 13 8.5279764462
16 9 10.355224822
17 23 14.0512226211
17 7 11.3980656914
12 10 6.49872359365
15 9 10.4382728559
20 22 7.85068943488
19 6 3.87000754905
17 10 9.79398947456
17 20 3.66702558867
13 19 4.38891512615
18 21 3.08444889369
12 22 8.03788397349
2 7 6.90335033917
16 5 2.7528732768
13 14 3.38448306155
11 3 6.87237908327
2 4 12.0526165613
1 7 3.4902151208
14 3 9.51349958259
21 7 0.32136092298
3 10 6.45921818105

time:
1527578880.15
19 7 10.7075212828
1 3 5.01704184183
2 18 3.06870112481
15 20 4.60205270585
3 21 8.95261281848
8 9 9.57419705945
13 17 11.1460709821
2 12 7.15869647738
5 8 5.60205237103
11 10 7.73854139816
6 7 5.85967584975
16 10 2.23756608332
1 16 3.59750956375
16 4 13.5832289115
2 23 5.01887011948
2 13 10.7212227589
16 9 11.401204336
17 23 12.6649411132
17 7 11.3798917701
12 10 4.90255012484
15 9 10.0658104024
20 22 9.62624005235
19 6 0.858618429744
17 10 9.91055279571
17 20 2.95996762561
13 19 4.59380966473
18 21 3.37619324315
12 22 7.08153705905
2 7 7.09779176496
16 5 3.07743294553
13 14 2.6835182342
11 3 9.16091114428
2 4 13.5681971571
1 7 3.33695646498
14 3 10.6407368046
21 7 0.278320289475
3 10 7.68297355506

time:
1527578885.11
19 7 14.7491288279
1 3 4.93000613143
2 18 2.38028287278
15 20 4.45073476485
3 21 9.39281219996
8 9 11.1774524391
13 17 10.5485498547
2 12 7.20372506322
5 8 7.18086383894
11 10 7.62782094185
6 7 5.30941757372
16 10 2.20023706479
1 16 3.17336346917
16 4 12.2779621471
2 23 5.11171321721
2 13 8.3616760601
16 9 10.4314684658
17 23 16.0574485908
17 7 9.84605656788
12 10 4.9105285289
15 9 10.5858100747
20 22 8.63390872298
19 6 1.63351268537
17 10 9.76304090213
17 20 2.578501226
13 19 4.68257057164
18 21 2.98037901865
12 22 7.16378818641
2 7 6.71173800471
16 5 2.70493296761
13 14 3.63267780516
11 3 7.69793611341
2 4 12.0670448988
1 7 3.77870461024
14 3 9.7953241959
21 7 0.752702559467
3 10 7.06643661107

time:
1527578890.07
19 7 13.0436340274
1 3 4.27865828029
2 18 3.08277578165
15 20 4.32088325153
3 21 9.34715484873
8 9 11.0534626399
13 17 11.6375306726
2 12 7.00832125627
5 8 6.68270884455
11 10 8.20902914172
6 7 5.49312971559
16 10 2.19660254819
1 16 3.33387045057
16 4 14.2037430564
2 23 6.65647460078
2 13 10.2546894144
16 9 12.8151936933
17 23 15.6091196418
17 7 9.78612706584
12 10 5.43054674976
15 9 10.0452882693
20 22 8.60929030707
19 6 1.61833612132
17 10 10.055988798
17 20 2.21267832387
13 19 5.57643182481
18 21 3.06883351352
12 22 7.31810520903
2 7 6.89082119705
16 5 2.69299335684
13 14 3.04426120163
11 3 8.78346025951
2 4 14.5914620457
1 7 2.9237503324
14 3 9.6550271194
21 7 0.395203208087
3 10 6.91154684327

time:
1527578895.01
19 7 13.0126065807
1 3 5.60896640701
2 18 2.98550462119
15 20 5.3647643183
3 21 9.23806830866
8 9 11.4468753243
13 17 10.0684889514
2 12 7.27616091632
5 8 7.12388556906
11 10 9.056502599
6 7 6.89680167946
16 10 2.18770581094
1 16 3.49074556022
16 4 12.1476418839
2 23 5.36315480862
2 13 11.5051905181
16 9 13.4893751801
17 23 13.6256830695
17 7 10.0257442706
12 10 6.40339058656
15 9 10.4980056091
20 22 7.92555815134
19 6 2.01720089354
17 10 9.83802538993
17 20 2.45784997392
13 19 4.53045701837
18 21 2.95605330351
12 22 7.63581467607
2 7 6.68372237124
16 5 2.83214631704
13 14 2.88166249496
11 3 8.29302610438
2 4 11.3544049678
1 7 3.09500961493
14 3 10.6111080839
21 7 0.761303082913
3 10 8.4933760162

time:
1527578899.96
19 7 10.2891269648
1 3 5.37474038757
2 18 2.22221091887
15 20 5.11540723166
3 21 9.52128410903
8 9 6.47373824738
13 17 14.0062425584
2 12 7.7656206961
5 8 6.20451532419
11 10 8.25228497633
6 7 5.84973455833
16 10 2.36448392612
1 16 3.36888241412
16 4 13.9511520949
2 23 6.52203173768
2 13 8.97284854722
16 9 10.5121103906
17 23 10.2656032947
17 7 11.6902386458
12 10 5.04372506202
15 9 12.0973325929
20 22 8.66454707902
19 6 1.58290490786
17 10 10.1038300126
17 20 3.04939646976
13 19 4.47719957801
18 21 3.98730948957
12 22 7.3906144249
2 7 6.65858285357
16 5 2.71363293038
13 14 2.97150849985
11 3 7.30741653766
2 4 13.5318802721
1 7 3.31743164145
14 3 9.69101619153
21 7 0.642353222345
3 10 6.64130431408

time:
1527578904.92
19 7 12.8246039798
1 3 5.40958347673
2 18 2.89985994124
15 20 6.14872273774
3 21 9.3142577968
8 9 9.58537711071
13 17 15.3060128935
2 12 6.83818362696
5 8 6.98485199256
11 10 7.65364024487
6 7 6.35261039087
16 10 2.34670963086
1 16 3.35186117776
16 4 12.4729854636
2 23 5.10528260728
2 13 11.4034050034
16 9 10.075979386
17 23 16.50561816
17 7 10.1388769358
12 10 6.96182111387
15 9 10.2307920616
20 22 8.9013123861
19 6 2.02209465745
17 10 10.0795842946
17 20 3.12981069296
13 19 4.85254426647
18 21 3.73866898832
12 22 7.39537708766
2 7 6.58291722723
16 5 2.88363380317
13 14 2.69730923742
11 3 8.23950445301
2 4 12.8390807894
1 7 3.48206796782
14 3 10.1532370913
21 7 0.558522843529
3 10 12.7790084867

time:
1527578909.88
19 7 11.6050187854
1 3 5.4694954477
2 18 3.58653939109
15 20 5.76634349145
3 21 9.33620975283
8 9 8.40166719357
13 17 10.7843586774
2 12 6.6870367373
5 8 7.3120777224
11 10 8.84575604309
6 7 7.1343277288
16 10 2.19014485361
1 16 3.23379465959
16 4 10.2731935217
2 23 5.62944638868
2 13 9.45151992893
16 9 12.265242373
17 23 12.2659678135
17 7 11.4904912776
12 10 5.54546747055
15 9 10.1080136881
20 22 8.90148109581
19 6 2.2978869828
17 10 10.4334244347
17 20 3.59135205595
13 19 4.97913824461
18 21 3.7069212299
12 22 7.73613668431
2 7 6.93053091416
16 5 2.89311090981
13 14 3.53310563499
11 3 12.4062961136
2 4 18.9370774304
1 7 2.39765428136
14 3 9.87079865083
21 7 0.345178724724
3 10 5.94068793498

time:
1527578914.83
19 7 15.3113776367
1 3 6.03635147085
2 18 3.64631529087
15 20 5.37408204
3 21 9.14274829786
8 9 7.8884688035
13 17 11.9271725292
2 12 6.99502936936
5 8 5.50185922424
11 10 7.4077907759
6 7 6.55959228019
16 10 2.20929033491
1 16 3.37871366637
16 4 13.8260974911
2 23 5.35624106172
2 13 7.86343677468
16 9 11.2348449526
17 23 12.0180195847
17 7 11.5300131831
12 10 5.44533440557
15 9 11.2250609204
20 22 9.26841208978
19 6 2.72344011356
17 10 9.85115957526
17 20 1.56859736768
13 19 4.69746767382
18 21 3.47937242778
12 22 7.05826768303
2 7 6.85608889708
16 5 3.11240183068
13 14 3.96430813505
11 3 10.3689598328
2 4 13.2197615908
1 7 3.00020050386
14 3 10.3732847302
21 7 0.27942470505
3 10 5.78103601503

time:
1527578919.78
19 7 11.8883476939
1 3 5.82962159429
2 18 3.39444586151
15 20 5.09672212452
3 21 9.386550444
8 9 7.31140761965
13 17 10.5496271617
2 12 7.33749595268
5 8 6.59800307083
11 10 8.78257467042
6 7 6.3480074956
16 10 2.38496188861
1 16 3.45745423877
16 4 11.1731237596
2 23 5.8563207824
2 13 11.099359577
16 9 10.7397907189
17 23 15.4427917612
17 7 11.3267607385
12 10 5.91656492841
15 9 11.751105896
20 22 8.69402079651
19 6 1.07875646698
17 10 9.66014199084
17 20 2.25900930982
13 19 5.55859780249
18 21 3.09501658828
12 22 7.09250710517
2 7 6.79683812763
16 5 2.73899314487
13 14 3.39847249369
11 3 7.63869093513
2 4 12.5350471213
1 7 2.4832995895
14 3 10.5524606686
21 7 0.719405629097
3 10 6.6928566294

time:
1527578924.72
19 7 13.2021425285
1 3 6.01078351138
2 18 3.98918799095
15 20 4.35461669056
3 21 9.43729986586
8 9 8.15868000711
13 17 14.0194085775
2 12 7.3927686761
5 8 6.5702119605
11 10 7.50170657297
6 7 6.80110820755
16 10 2.17623910219
1 16 3.23595394822
16 4 14.8015655927
2 23 5.47226839516
2 13 9.27677756711
16 9 16.1991685168
17 23 11.6210346881
17 7 10.1343768765
12 10 4.93089665029
15 9 10.5054200892
20 22 8.36694348871
19 6 1.13943657791
17 10 11.2332205187
17 20 1.77573908351
13 19 4.45335998386
18 21 3.73166253734
12 22 7.94188759799
2 7 6.79171083523
16 5 3.14066420525
13 14 3.80551530815
11 3 8.41789269007
2 4 16.2170024028
1 7 3.25406832781
14 3 9.47192228738
21 7 0.519285625009
3 10 7.58625444121

time:
1527578929.66
19 7 12.9379581048
1 3 4.62191321779
2 18 2.74108504671
15 20 6.20257389514
3 21 9.9524897162
8 9 11.1459625895
13 17 18.4119681402
2 12 7.64604753127
5 8 5.93880615726
11 10 7.9274113035
6 7 7.51547463398
16 10 2.64970662958
1 16 3.25541168533
16 4 11.4819577085
2 23 5.75120017506
2 13 10.4617736288
16 9 11.2491602546
17 23 13.2932217011
17 7 10.2436673229
12 10 5.60983935086
15 9 10.3208205469
20 22 7.69774915557
19 6 1.97267698163
17 10 10.0976534085
17 20 1.20612107877
13 19 4.31748817414
18 21 4.64716172338
12 22 8.01580592996
2 7 6.74715870553
16 5 2.73640864395
13 14 2.84147281841
11 3 7.25539018004
2 4 16.7531847676
1 7 3.23523829268
14 3 10.1214584351
21 7 0.262918678128
3 10 7.54165689024

time:
1527578934.6
