id_path:
 12931 -> 7 21 
 30087 -> 2 13 17 
 26759 -> 2 18 
 14344 -> 16 9 
  4361 -> 17 20 15 
   141 -> 3 11 
 20494 -> 17 20 
  6927 -> 3 21 
  6659 -> 2 12 22 
 28821 -> 2 12 
  6046 -> 3 14 
 15525 -> 16 10 
 18982 -> 7 17 23 
 25767 -> 3 11 10 
  1322 -> 3 10 
  3783 -> 7 1 
 21804 -> 3 
 28079 -> 2 12 10 
 23216 -> 2 23 
 20017 -> 7 19 
 30002 -> 2 13 
 27187 -> 16 
 24120 -> 7 
 30011 -> 7 17 20 
 12458 -> 17 20 22 
  2602 -> 7 6 
 27335 -> 16 4 
 26198 -> 2 13 14 
 31449 -> 3 21 18 
 23567 -> 3 10 17 
  4320 -> 2 7 
 28516 -> 16 5 
  4841 -> 2 
 21099 -> 3 1 
 23792 -> 16 1 
 11382 -> 17 
 17655 -> 7 17 
  5501 -> 2 4 
