Monitor
0 1
0 6
0 9
0 16
Paths
0-1-1: 1 6 0 
0-1-12: 1 6 5 
0-1-28: 1 6 16 
0-1-34: 1 6 18 
0-1-36: 1 6 20 
0-6-0: 6 0 2 
0-6-2: 6 0 15 
0-6-3: 6 1 3 
0-6-5: 6 1 11 
0-6-6: 6 1 12 
0-9-11: 9 15 4 7 
0-9-13: 9 15 8 7 
0-9-17: 9 11 21 
0-9-18: 9 16 12 13 
0-9-22: 9 15 8 14 
0-16-19: 16 12 
0-16-20: 16 12 18 
0-16-29: 16 9 
0-16-30: 16 19 
0-16-31: 16 22 
1-1-4: 1 6 
1-1-7: 1 17 
1-1-8: 1 22 
1-1-9: 1 11 9 2 
1-1-15: 1 11 9 10 
1-6-10: 6 20 2 
1-6-14: 6 0 2 10 
1-6-16: 6 1 11 9 
1-6-21: 6 0 2 13 
1-6-32: 6 20 17 
2-1-24: 1 3 15 
2-1-25: 1 3 15 4 
2-1-26: 1 3 15 8 
2-1-27: 1 3 15 9 
2-1-33: 1 12 18 5 
2-6-23: 6 16 19 14 
2-6-35: 6 16 19 21 
Links
0 2
0 6
0 15
1 3
1 6
1 11
1 12
1 17
1 22
2 9
2 20
4 7
5 6
7 8
10 2
10 9
11 9
11 21
12 13
12 16
12 18
13 2
14 8
14 19
15 3
15 4
15 8
15 9
16 6
16 9
16 19
16 22
17 20
18 5
18 6
19 21
20 6