Monitor
0 0
0 1
0 16
Paths
0-0-0: 0 2 
0-0-1: 0 6 
0-0-2: 0 15 
0-0-4: 0 6 1 
0-0-9: 0 2 9 
0-0-10: 0 2 20 
0-0-12: 0 6 5 
0-0-14: 0 2 10 
0-0-21: 0 2 13 
0-0-24: 0 15 3 
0-0-25: 0 15 4 
0-0-26: 0 15 8 
0-0-28: 0 6 16 
0-0-34: 0 6 18 
0-0-36: 0 6 20 
0-1-3: 1 3 
0-1-5: 1 11 
0-1-6: 1 12 
0-1-7: 1 17 
0-1-8: 1 22 
0-1-16: 1 11 9 
0-1-17: 1 11 21 
0-1-18: 1 12 13 
0-1-19: 1 12 16 
0-1-20: 1 12 18 
0-1-31: 1 22 16 
0-1-32: 1 17 20 
0-16-15: 16 9 10 
0-16-23: 16 19 14 
0-16-27: 16 9 15 
0-16-29: 16 9 
0-16-30: 16 19 
0-16-35: 16 19 21 
1-0-11: 0 15 4 7 
1-0-13: 0 15 8 7 
1-0-22: 0 15 8 14 
1-0-33: 0 6 18 5 
Links
0 2
0 6
0 15
1 3
1 6
1 11
1 12
1 17
1 22
2 9
2 20
4 7
5 6
7 8
10 2
10 9
11 9
11 21
12 13
12 16
12 18
13 2
14 8
14 19
15 3
15 4
15 8
15 9
16 6
16 9
16 19
16 22
17 20
18 5
18 6
19 21
20 6