Monitor
0 0
0 1
0 2
0 6
0 9
Paths
0-0-0: 0 2 
0-0-1: 0 6 
0-0-2: 0 15 
0-0-4: 0 6 1 
0-1-3: 1 3 
0-1-5: 1 11 
0-1-6: 1 12 
0-1-7: 1 17 
0-2-9: 2 9 
0-2-10: 2 20 
0-2-14: 2 10 
0-2-21: 2 13 
0-6-8: 6 1 22 
0-6-12: 6 5 
0-6-28: 6 16 
0-6-34: 6 18 
0-9-15: 9 10 
0-9-16: 9 11 
0-9-27: 9 15 
0-9-29: 9 16 
1-0-24: 0 15 3 
1-0-25: 0 15 4 
1-0-26: 0 15 8 
1-0-36: 0 6 20 
1-1-17: 1 11 21 
1-1-18: 1 12 13 
1-1-19: 1 12 16 
1-1-20: 1 12 18 
1-2-32: 2 20 17 
1-6-23: 6 16 19 14 
1-6-30: 6 16 19 
1-6-31: 6 16 22 
1-6-33: 6 18 5 
1-9-11: 9 15 4 7 
1-9-13: 9 15 8 7 
1-9-22: 9 15 8 14 
1-9-35: 9 16 19 21 
Links
0 2
0 6
0 15
1 3
1 6
1 11
1 12
1 17
1 22
2 9
2 20
4 7
5 6
7 8
10 2
10 9
11 9
11 21
12 13
12 16
12 18
13 2
14 8
14 19
15 3
15 4
15 8
15 9
16 6
16 9
16 19
16 22
17 20
18 5
18 6
19 21
20 6