Monitor
0 0
0 1
0 2
0 6
0 16
Paths
0-0-0: 0 2 
0-0-1: 0 6 
0-0-2: 0 15 
0-0-4: 0 6 1 
0-0-12: 0 6 5 
0-0-28: 0 6 16 
0-1-3: 1 3 
0-1-5: 1 11 
0-1-6: 1 12 
0-1-7: 1 17 
0-1-8: 1 22 
0-1-16: 1 11 9 
0-2-9: 2 9 
0-2-10: 2 20 
0-2-14: 2 10 
0-2-15: 2 10 9 
0-2-18: 2 13 12 
0-2-21: 2 13 
0-6-19: 6 16 12 
0-6-20: 6 18 12 
0-6-29: 6 16 9 
0-6-30: 6 16 19 
0-6-31: 6 16 22 
0-6-33: 6 18 5 
0-16-23: 16 19 14 
0-16-27: 16 9 15 
0-16-34: 16 6 18 
0-16-35: 16 19 21 
0-16-36: 16 6 20 
1-0-11: 0 15 4 7 
1-0-13: 0 15 8 7 
1-0-22: 0 15 8 14 
1-0-24: 0 15 3 
1-0-25: 0 15 4 
1-0-26: 0 15 8 
1-1-17: 1 11 21 
1-1-32: 1 17 20 
Links
0 2
0 6
0 15
1 3
1 6
1 11
1 12
1 17
1 22
2 9
2 20
4 7
5 6
7 8
10 2
10 9
11 9
11 21
12 13
12 16
12 18
13 2
14 8
14 19
15 3
15 4
15 8
15 9
16 6
16 9
16 19
16 22
17 20
18 5
18 6
19 21
20 6