Monitor
0 1
0 9
Paths
0-1-1: 1 6 0 
0-1-3: 1 3 
0-1-4: 1 6 
0-1-5: 1 11 
0-1-6: 1 12 
0-1-7: 1 17 
0-1-12: 1 6 5 
0-1-28: 1 6 16 
0-1-34: 1 6 18 
0-1-36: 1 6 20 
0-9-11: 9 15 4 7 
0-9-13: 9 15 8 7 
0-9-14: 9 10 2 
0-9-20: 9 16 12 18 
0-9-21: 9 2 13 
0-9-22: 9 15 8 14 
0-9-23: 9 16 19 14 
0-9-24: 9 15 3 
0-9-25: 9 15 4 
0-9-35: 9 16 19 21 
1-1-0: 1 6 0 2 
1-1-2: 1 6 0 15 
1-1-8: 1 22 
1-1-9: 1 11 9 2 
1-1-10: 1 17 20 2 
1-1-15: 1 11 9 10 
1-1-16: 1 11 9 
1-1-17: 1 11 21 
1-1-18: 1 12 13 
1-1-19: 1 12 16 
2-1-26: 1 3 15 8 
2-1-27: 1 3 15 9 
2-1-29: 1 12 16 9 
2-1-30: 1 12 16 19 
2-1-31: 1 22 16 
2-1-32: 1 17 20 
2-1-33: 1 12 18 5 
Links
0 2
0 6
0 15
1 3
1 6
1 11
1 12
1 17
1 22
2 9
2 20
4 7
5 6
7 8
10 2
10 9
11 9
11 21
12 13
12 16
12 18
13 2
14 8
14 19
15 3
15 4
15 8
15 9
16 6
16 9
16 19
16 22
17 20
18 5
18 6
19 21
20 6