Monitor
0 0
0 1
0 2
0 6
0 9
0 12
0 15
0 16
Paths
0-0-0: 0 2 
0-0-1: 0 6 
0-1-3: 1 3 
0-1-4: 1 6 
0-2-2: 2 0 15 
0-2-9: 2 9 
0-6-5: 6 1 11 
0-6-6: 6 1 12 
0-9-10: 9 2 20 
0-9-21: 9 2 13 
0-12-7: 12 1 17 
0-12-8: 12 1 22 
0-15-11: 15 4 7 
0-15-13: 15 8 7 
0-16-12: 16 6 5 
0-16-34: 16 6 18 
1-0-14: 0 2 10 
1-0-24: 0 15 3 
1-1-16: 1 11 9 
1-1-17: 1 11 21 
1-2-15: 2 10 9 
1-2-18: 2 13 12 
1-6-19: 6 16 12 
1-6-29: 6 16 9 
1-9-25: 9 15 4 
1-9-26: 9 15 8 
1-12-20: 12 18 
1-12-28: 12 16 6 
1-15-22: 15 8 14 
1-15-27: 15 9 
1-16-23: 16 19 14 
1-16-35: 16 19 21 
2-0-30: 0 6 16 19 
2-0-31: 0 6 16 22 
2-1-32: 1 17 20 
2-1-33: 1 12 18 5 
2-2-36: 2 20 6
Links
0 2
0 6
0 15
1 3
1 6
1 11
1 12
1 17
1 22
2 9
2 20
4 7
5 6
7 8
10 2
10 9
11 9
11 21
12 13
12 16
12 18
13 2
14 8
14 19
15 3
15 4
15 8
15 9
16 6
16 9
16 19
16 22
17 20
18 5
18 6
19 21
20 6