monitors:
1 2 6 7 9 11 12 14 15 16 21 
SDN node:
1 2 6 9 12 15 16 
links:
0   2
0   6
0   15
1   6
1   12
1   3
1   17
1   22
1   11
10   2
10   9
11   21
11   9
12   18
12   16
12   13
13   2
14   19
14   8
15   9
15   4
15   3
15   8
16   9
16   19
16   6
16   22
17   20
18   6
18   5
19   21
2   20
2   9
20   6
4   7
5   6
7   8
paths:
1 17 20 2 
1 6 
1 11 9 
1 12 
1 3 15 
1 22 16 
2 0 6 
2 20 6 
2 10 9 
2 9 
2 13 12 
2 0 15 
6 20 17 1 
6 18 12 
6 5 18 12 
6 0 15 
6 16 
9 15 
9 16 
12 16 
15 8 14 19 16 
1 3 1 
1 17 1 
1 22 1 
1 11 1 
2 10 2 
2 13 2 
6 18 6 
6 5 6 
15 4 15 
15 8 15 
16 19 16 
16 19 21 11 
1 11 21 
1 11 21 19 14 
15 4 7 
15 8 7 