1 16 3
1 3 1
1 7 2
2 4 1
2 7 2
2 12 3
2 13 4
2 18 5
2 23 6
2 24 7
3 1 1
3 10 2
3 11 4
3 14 5
3 21 3
3 24 6
4 16 2
4 2 1
5 8 1
5 16 2
6 19 2
6 7 1
7 1 1
7 2 2
7 6 3
7 17 4
7 19 5
7 21 6
7 24 7
8 9 2
8 5 1
9 8 1
9 16 3
9 15 2
10 16 4
10 17 5
10 3 1
10 12 3
10 11 2
11 10 2
11 3 1
12 2 1
12 10 2
12 22 3
13 17 3
13 2 1
13 19 4
13 14 2
14 3 2
14 13 1
15 9 1
15 20 2
16 1 1
16 4 2
16 5 3
16 9 4
16 10 5
16 24 6
17 7 2
17 10 3
17 13 1
17 20 4
17 23 5
17 24 6
18 2 1
18 21 2
19 13 1
19 6 2
19 7 3
20 17 2
20 22 3
20 15 1
21 18 2
21 3 1
21 7 3
22 20 2
22 12 1
23 17 2
23 2 1
24 16 4
24 17 5
24 2 1
24 3 2
24 7 3
