id_path:
 11784 -> 24 17 
 20233 -> 24 2 13 17 
 18826 -> 24 1 16 4 
 14989 -> 24 17 20 15 
  3086 -> 24 2 18 21 
 19254 -> 24 2 13 14 
    19 -> 24 1 7 6 
  4759 -> 24 1 3 
 17822 -> 24 17 20 
 20514 -> 24 1 3 11 
 15451 -> 24 2 13 19 
 15409 -> 24 1 16 9 8 
 25255 -> 24 2 18 
 12680 -> 24 1 7 21 
 16435 -> 24 1 16 5 
 30387 -> 24 1 7 
 17462 -> 24 1 7 19 
 11320 -> 24 17 10 
  3516 -> 24 2 23 
  6091 -> 24 2 23 17 
 17477 -> 24 2 4 
 18123 -> 24 1 3 10 
 25656 -> 24 1 
 26837 -> 24 2 
  8022 -> 24 1 16 9 15 
  6871 -> 24 1 16 9 
  7003 -> 24 2 12 22 
 14044 -> 24 1 16 10 
  8415 -> 24 2 12 10 
 22244 -> 24 1 7 17 
 29046 -> 24 1 7 19 6 
 25532 -> 24 17 20 22 
 27687 -> 24 1 3 14 
  9583 -> 24 1 7 2 
 30706 -> 24 1 16 
 15732 -> 24 1 3 21 
 21366 -> 24 2 13 
 18423 -> 24 17 10 11 
  3197 -> 24 2 12 
 16085 -> 24 1 16 5 8 
