id_path:
 13440 -> 24 2 4 16 9 
 26625 -> 24 3 11 
  4886 -> 24 3 14 
  8321 -> 24 3 1 16 
 20233 -> 24 2 13 17 
 30732 -> 24 16 9 
  3086 -> 24 2 18 21 
 19089 -> 24 16 9 15 
 16660 -> 24 2 4 16 5 
 26262 -> 24 16 9 8 
 17047 -> 24 2 7 21 
 17093 -> 24 2 13 17 20 
 15451 -> 24 2 13 19 
 25255 -> 24 2 18 
 23592 -> 24 16 5 
 21162 -> 24 16 5 8 
 12971 -> 24 2 7 1 
 13485 -> 24 2 13 19 6 
 19254 -> 24 2 13 14 
  7113 -> 24 3 11 10 
  7483 -> 24 2 7 17 
  3516 -> 24 2 23 
 28222 -> 24 3 10 16 
 17601 -> 24 16 9 15 20 
 17477 -> 24 2 4 
 29708 -> 24 2 7 6 
  6091 -> 24 2 23 17 
 32076 -> 24 2 7 
  8163 -> 24 2 12 22 20 
 26837 -> 24 2 
  4567 -> 24 3 1 
  7003 -> 24 2 12 22 
  8415 -> 24 2 12 10 
  1635 -> 24 3 21 
 25831 -> 24 3 10 17 
 12265 -> 24 2 7 19 
 10603 -> 24 16 
 22125 -> 24 2 4 16 
 28018 -> 24 3 
 21366 -> 24 2 13 
 12026 -> 24 3 10 
  3197 -> 24 2 12 
