id_path:
 26625 -> 24 3 11 
 32171 -> 24 10 3 21 
 16133 -> 24 16 10 
 30470 -> 24 17 7 19 
  8321 -> 24 3 1 16 
 11784 -> 24 17 
 18826 -> 24 1 16 4 
 17239 -> 24 13 2 23 
 30732 -> 24 16 9 
 14989 -> 24 17 20 15 
  3086 -> 24 2 18 21 
 13485 -> 24 2 13 19 6 
 19089 -> 24 16 9 15 
 15451 -> 24 2 13 19 
  7003 -> 24 2 12 22 
  7060 -> 24 13 
 24487 -> 24 7 17 10 
  4886 -> 24 3 14 
  4759 -> 24 1 3 
 22646 -> 24 7 2 12 
 17822 -> 24 17 20 
 20255 -> 24 7 2 13 
 20514 -> 24 1 3 11 
   291 -> 24 17 7 
 25255 -> 24 2 18 
 23592 -> 24 16 5 
 21162 -> 24 16 5 8 
 15879 -> 24 3 14 13 
 28018 -> 24 3 
 30387 -> 24 1 7 
 25438 -> 24 1 7 17 20 
 25656 -> 24 1 
 25532 -> 24 17 20 22 
  3517 -> 24 10 
  6732 -> 24 10 16 5 
 24003 -> 24 17 7 6 
 17477 -> 24 2 4 
  7113 -> 24 3 11 10 
 32076 -> 24 2 7 
 22733 -> 24 13 17 
 26262 -> 24 16 9 8 
 22096 -> 24 7 17 13 
 13777 -> 24 10 16 
 10066 -> 24 13 2 18 
  1251 -> 24 7 17 
 26837 -> 24 2 
  4567 -> 24 3 1 
  1752 -> 24 13 17 7 
 22244 -> 24 1 7 17 
 27354 -> 24 3 21 7 
 19163 -> 24 13 19 
 18782 -> 24 7 2 
  8415 -> 24 2 12 10 
  1635 -> 24 3 21 
   356 -> 24 13 2 
 32742 -> 24 7 
 24168 -> 24 10 3 
 10603 -> 24 16 
 16296 -> 24 10 16 9 
 30706 -> 24 1 16 
 21366 -> 24 2 13 
 20216 -> 24 10 3 14 
 12026 -> 24 3 10 
  3197 -> 24 2 12 
 12053 -> 24 1 7 17 23 
