id_path:
 13440 -> 24 2 4 16 9 
 10496 -> 24 2 12 10 3 
 25606 -> 24 7 1 3 
 14471 -> 24 10 17 13 14 
 11784 -> 24 17 
 29708 -> 24 2 7 6 
 25358 -> 24 7 2 12 10 
 16660 -> 24 2 4 16 5 
 17047 -> 24 2 7 21 
 22646 -> 24 7 2 12 
 17822 -> 24 17 20 
 16709 -> 24 10 12 
 20255 -> 24 7 2 13 
 20827 -> 24 2 4 16 10 
 25892 -> 24 17 13 19 
 25255 -> 24 2 18 
 16296 -> 24 10 16 9 
 30505 -> 24 10 17 13 
 12971 -> 24 2 7 1 
 13485 -> 24 2 13 19 6 
  8138 -> 24 7 21 3 
 28851 -> 24 17 23 
   567 -> 24 10 16 9 15 
 11320 -> 24 17 10 
 13952 -> 24 10 16 9 8 
  7483 -> 24 2 7 17 
  3516 -> 24 2 23 
  3517 -> 24 10 
  3518 -> 24 7 2 4 
   577 -> 24 7 17 20 
 17477 -> 24 2 4 
  8391 -> 24 7 21 
  6732 -> 24 10 16 5 
 31946 -> 24 10 17 
  1720 -> 24 2 12 10 11 
 32076 -> 24 2 7 
 22349 -> 24 17 13 
   717 -> 24 7 1 16 
 13777 -> 24 10 16 
 26309 -> 24 7 17 20 22 
 25955 -> 24 10 12 22 
 26837 -> 24 2 
 19364 -> 24 7 17 20 15 
 15451 -> 24 2 13 19 
 18782 -> 24 7 2 
  8415 -> 24 2 12 10 
  1251 -> 24 7 17 
 32742 -> 24 7 
 12265 -> 24 2 7 19 
 32363 -> 24 7 1 3 11 
 30828 -> 24 10 16 5 8 
 22125 -> 24 2 4 16 
 29811 -> 24 7 1 
 21366 -> 24 2 13 
  3197 -> 24 2 12 
 30974 -> 24 7 1 3 14 
 11235 -> 24 7 21 18 
