id_path:
 26625 -> 24 3 11 
  8022 -> 24 1 16 9 15 
 30470 -> 24 17 7 19 
 15879 -> 24 3 14 13 
 11784 -> 24 17 
 18826 -> 24 1 16 4 
 14989 -> 24 17 20 15 
  3086 -> 24 2 18 21 
    19 -> 24 1 7 6 
  4886 -> 24 3 14 
  4759 -> 24 1 3 
 17822 -> 24 17 20 
 16085 -> 24 1 16 5 8 
   291 -> 24 17 7 
 17444 -> 24 17 10 16 
 25255 -> 24 2 18 
 28018 -> 24 3 
 15409 -> 24 1 16 9 8 
 30387 -> 24 1 7 
 11320 -> 24 17 10 
  3516 -> 24 2 23 
   577 -> 24 7 17 20 
 17477 -> 24 2 4 
  7113 -> 24 3 11 10 
 25034 -> 24 7 19 13 
 22096 -> 24 7 17 13 
 25656 -> 24 1 
  1635 -> 24 3 21 
  4821 -> 24 7 19 
 16435 -> 24 1 16 5 
  6871 -> 24 1 16 9 
 25688 -> 24 17 7 21 
  7003 -> 24 2 12 22 
  8415 -> 24 2 12 10 
  1251 -> 24 7 17 
 22244 -> 24 1 7 17 
 32742 -> 24 7 
 25532 -> 24 17 20 22 
 30954 -> 24 7 17 23 
 24487 -> 24 7 17 10 
  9583 -> 24 1 7 2 
 30706 -> 24 1 16 
 21366 -> 24 2 13 
  8297 -> 24 7 19 6 
 12026 -> 24 3 10 
  3197 -> 24 2 12 
 26837 -> 24 2 
