id_path:
 13440 -> 24 2 4 16 9 
 26625 -> 24 3 11 
 15879 -> 24 3 14 13 
 20233 -> 24 2 13 17 
 29708 -> 24 2 7 6 
  9229 -> 24 2 18 21 3 
  3086 -> 24 2 18 21 
  4886 -> 24 3 14 
 17047 -> 24 2 7 21 
  2843 -> 24 10 17 20 15 
 17093 -> 24 2 13 17 20 
  9216 -> 24 2 7 1 3 
 25255 -> 24 2 18 
 16296 -> 24 10 16 9 
 30505 -> 24 10 17 13 
 32298 -> 24 3 10 12 
 12971 -> 24 2 7 1 
 13485 -> 24 2 13 19 6 
 30634 -> 24 10 17 13 19 
 13232 -> 24 3 14 13 17 
   567 -> 24 10 16 9 15 
  1720 -> 24 2 12 10 11 
 13952 -> 24 10 16 9 8 
  7483 -> 24 2 7 17 
  3516 -> 24 2 23 
  3517 -> 24 10 
 28222 -> 24 3 10 16 
 31819 -> 24 2 7 1 16 
 17477 -> 24 2 4 
  6732 -> 24 10 16 5 
 31946 -> 24 10 17 
  6091 -> 24 2 23 17 
 32076 -> 24 2 7 
 10496 -> 24 2 12 10 3 
 13777 -> 24 10 16 
 26837 -> 24 2 
 15451 -> 24 2 13 19 
 28666 -> 24 10 17 20 22 
  8415 -> 24 2 12 10 
 25831 -> 24 3 10 17 
 12265 -> 24 2 7 19 
 30828 -> 24 10 16 5 8 
 22125 -> 24 2 4 16 
 18158 -> 24 3 10 12 22 
 24744 -> 24 10 17 20 
 28018 -> 24 3 
  4341 -> 24 10 16 4 
 21366 -> 24 2 13 
 12026 -> 24 3 10 
  3197 -> 24 2 12 
