id_path:
 13952 -> 24 10 16 9 8 
 26625 -> 24 3 11 
 12680 -> 24 1 7 21 
 20233 -> 24 2 13 17 
 18826 -> 24 1 16 4 
  4886 -> 24 3 14 
  4759 -> 24 1 3 
 29039 -> 24 3 21 18 
 17477 -> 24 2 4 
 15451 -> 24 2 13 19 
 19364 -> 24 7 17 20 15 
   421 -> 24 7 2 23 
 25255 -> 24 2 18 
 16296 -> 24 10 16 9 
 30706 -> 24 1 16 
  5680 -> 24 10 11 
 30387 -> 24 1 7 
 19254 -> 24 2 13 14 
   567 -> 24 10 16 9 15 
 25656 -> 24 1 
  3517 -> 24 10 
   577 -> 24 7 17 20 
 25922 -> 24 7 6 
 16709 -> 24 10 12 
 31946 -> 24 10 17 
  6732 -> 24 10 16 5 
 13777 -> 24 10 16 
  1251 -> 24 7 17 
 26837 -> 24 2 
 16435 -> 24 1 16 5 
  6871 -> 24 1 16 9 
  7003 -> 24 2 12 22 
 28666 -> 24 10 17 20 22 
 18782 -> 24 7 2 
  1635 -> 24 3 21 
 32742 -> 24 7 
  8297 -> 24 7 19 6 
 30954 -> 24 7 17 23 
 30828 -> 24 10 16 5 8 
  9583 -> 24 1 7 2 
 24744 -> 24 10 17 20 
 28018 -> 24 3 
 21366 -> 24 2 13 
 12026 -> 24 3 10 
  3197 -> 24 2 12 
  4821 -> 24 7 19 
