1 16 3
1 3 1
1 7 2
2 4 3
2 7 1
2 12 6
2 13 2
2 18 4
2 23 5
2 24 7
3 1 1
3 10 5
3 11 2
3 21 4
3 14 3
4 16 2
4 2 1
5 16 1
5 8 2
6 19 1
6 7 2
7 1 1
7 2 2
7 6 6
7 17 3
7 19 4
7 21 5
8 24 3
8 9 2
8 5 1
9 16 2
9 8 3
9 15 1
10 3 5
10 17 4
10 11 1
10 12 2
10 16 3
11 10 2
11 3 1
12 2 1
12 10 3
12 22 2
13 17 3
13 2 1
13 19 2
13 14 4
14 3 2
14 13 1
15 24 3
15 9 2
15 20 1
16 1 1
16 10 2
16 4 4
16 5 3
16 9 5
17 10 2
17 23 5
17 20 3
17 13 1
17 7 4
18 2 1
18 21 2
19 24 4
19 13 1
19 6 3
19 7 2
20 17 2
20 22 3
20 15 1
21 18 1
21 3 2
21 7 3
22 24 3
22 20 2
22 12 1
23 17 2
23 2 1
24 8 1
24 2 5
24 19 3
24 22 4
24 15 2
