did_path:
    15 -> 2 12 10 11 
     4 -> 2 7 1 
    17 -> 2 12 22 
    37 -> 2 18 21 
    10 -> 2 18 
    39 -> 2 12 22 20 
    31 -> 2 4 16 5 
    25 -> 2 7 21 
    22 -> 2 4 16 
     8 -> 2 12 
    14 -> 2 7 6 
    19 -> 2 13 17 
    26 -> 2 4 16 5 8 
    35 -> 2 13 17 20 
    16 -> 2 12 10 
    11 -> 2 23 
     9 -> 2 13 
    12 -> 2 12 10 3 
    36 -> 2 23 17 
    27 -> 2 4 16 9 8 
     5 -> 2 7 1 16 
    13 -> 2 18 21 3 
    30 -> 2 13 17 20 15 
    21 -> 2 13 14 3 
    28 -> 2 12 10 11 3 
    18 -> 2 13 14 
     3 -> 2 7 1 3 
     7 -> 2 7 
    33 -> 2 4 16 10 
    32 -> 2 4 16 9 
    40 -> 2 
    23 -> 2 7 17 
    38 -> 2 13 19 6 
    29 -> 2 4 16 9 15 
    20 -> 2 13 19 
    34 -> 2 13 17 10 
     6 -> 2 4 
    24 -> 2 7 19 
