Monitor
0 1
0 2
0 6
0 15
0 16
Paths
0-1-3: 1 3
0-1-4: 1 6
0-1-5: 1 11
0-1-6: 1 12
0-1-7: 1 17
0-1-8: 1 22
0-1-16: 1 11 9
0-1-17: 1 11 21
0-1-18: 1 12 13
0-1-19: 1 12 16
0-2-0: 2 0
0-2-9: 2 9
0-2-10: 2 20
0-2-14: 2 10
0-2-15: 2 10 9
0-2-21: 2 13
0-2-29: 2 9 16
0-2-32: 2 20 17
0-6-1: 6 0
0-6-12: 6 5
0-6-20: 6 18 12
0-6-28: 6 16
0-6-30: 6 16 19
0-6-31: 6 16 22
0-6-33: 6 18 5
0-6-34: 6 18
0-6-36: 6 20
0-15-2: 15 0
0-15-11: 15 4 7
0-15-13: 15 8 7
0-15-22: 15 8 14
0-15-24: 15 3
0-15-25: 15 4
0-15-26: 15 8
0-15-27: 15 9
0-16-23: 16 19 14
0-16-35: 16 19 21
Links
0 2
0 6
0 15
1 3
1 6
1 11
1 12
1 17
1 22
2 9
2 20
4 7
5 6
7 8
10 2
10 9
11 9
11 21
12 13
12 16
12 18
13 2
14 8
14 19
15 3
15 4
15 8
15 9
16 6
16 9
16 19
16 22
17 20
18 5
18 6
19 21
20 6
